                                 enable  prepare  protect                                duty
   clock                          count    count    count        rate   accuracy phase  cycle
---------------------------------------------------------------------------------------------
 dphy-204m8                           0        0        0   204800000          0     0  50000
 dphy-273m                            0        0        0   273000000          0     0  50000
 rco-100m                             0        0        0   100000000          0     0  50000
 ext-4m                               0        0        0     4000000          0     0  50000
 ext-32k                              3        3        0       32768          0     0  50000
    aon-pmu-clk                       0        0        0       32768          0     0  50000
    pwm3-clk                          0        0        0       32768          0     0  50000
    probe-clk                         0        0        0       32768          0     0  50000
    aux1-clk                          0        0        0       32768          0     0  50000
    aux0-clk                          1        1        0       32768          0     0  50000
 ext-26m                             20       20        0    26000000          0     0  50000
    mm-ahb-clk                        0        0        0    26000000          0     0  50000
    pwm1-clk                          0        0        0    26000000          0     0  50000
    emmc-32k-eb                       0        0        0    26000000          0     0  50000
    sdio2-32k-eb                      0        0        0    26000000          0     0  50000
    sdio1-32k-eb                      0        0        0    26000000          0     0  50000
    sdio0-32k-eb                      0        0        0    26000000          0     0  50000
    emmc-eb                           0        0        0    26000000          0     0  50000
    sdio2-eb                          0        0        0    26000000          0     0  50000
    sdio1-eb                          0        0        0    26000000          0     0  50000
    sdio0-eb                          0        0        0    26000000          0     0  50000
    spi3-lfin-eb                      0        0        0    26000000          0     0  50000
    spi2-lfin-eb                      0        0        0    26000000          0     0  50000
    spi1-lfin-eb                      0        0        0    26000000          0     0  50000
    spi0-lfin-eb                      0        0        0    26000000          0     0  50000
    sim0-32k-eb                       0        0        0    26000000          0     0  50000
    uart2-eb                          0        0        0    26000000          0     0  50000
    uart1-eb                          0        0        0    26000000          0     0  50000
    uart0-eb                          0        0        0    26000000          0     0  50000
    i2c4-eb                           0        0        0    26000000          0     0  50000
    i2c3-eb                           1        1        0    26000000          0     0  50000
    i2c2-eb                           0        0        0    26000000          0     0  50000
    i2c1-eb                           0        0        0    26000000          0     0  50000
    i2c0-eb                           0        0        0    26000000          0     0  50000
    spi3-eb                           0        0        0    26000000          0     0  50000
    spi2-eb                           0        0        0    26000000          0     0  50000
    spi1-eb                           0        0        0    26000000          0     0  50000
    spi0-eb                           0        0        0    26000000          0     0  50000
    apb-reg-eb                        0        0        0    26000000          0     0  50000
    iis2-eb                           0        0        0    26000000          0     0  50000
    iis1-eb                           0        0        0    26000000          0     0  50000
    iis0-eb                           0        0        0    26000000          0     0  50000
    sim0-eb                           0        0        0    26000000          0     0  50000
    access-aud-en                     0        0        0    26000000          0     0  50000
       audcp-dvfs-ashb-eb             0        0        0    26000000          0     0  50000
       audcp-tmr-26m-eb               0        0        0    26000000          0     0  50000
       audcp-vbc-24m-eb               0        0        0    26000000          0     0  50000
       audcp-aud-eb                   0        0        0    26000000          0     0  50000
       dma-cp-ashb-eb                 0        0        0    26000000          0     0  50000
       dma-ap-ashb-eb                 0        0        0    26000000          0     0  50000
       audcp-icu-eb                   0        0        0    26000000          0     0  50000
       audcp-splk-eb                  0        0        0    26000000          0     0  50000
       audcp-vbc-eb                   0        0        0    26000000          0     0  50000
       audcp-vbcifd-eb                0        0        0    26000000          0     0  50000
       audcp-mcdt-eb                  0        0        0    26000000          0     0  50000
       audcp-src48k-eb                0        0        0    26000000          0     0  50000
       audcp-dma-ap-eb                0        0        0    26000000          0     0  50000
       audcp-dma-cp-eb                0        0        0    26000000          0     0  50000
       audcp-uart-eb                  0        0        0    26000000          0     0  50000
       audcp-iis2-eb                  0        0        0    26000000          0     0  50000
       audcp-iis1-eb                  0        0        0    26000000          0     0  50000
       audcp-iis0-eb                  0        0        0    26000000          0     0  50000
       audcp-tmr1-eb                  0        0        0    26000000          0     0  50000
       audcp-tmr0-eb                  0        0        0    26000000          0     0  50000
       audcp-rtc-wdg-eb               0        0        0    26000000          0     0  50000
       audcp-wdg-eb                   0        0        0    26000000          0     0  50000
    debug-ts-en                       0        0        0    26000000          0     0  50000
    cphy-cfg-en                       0        0        0    26000000          0     0  50000
    pll-test-en                       0        0        0    26000000          0     0  50000
    emmc-1x-en                        0        0        0    26000000          0     0  50000
    emmc-2x-en                        0        0        0    26000000          0     0  50000
    sdio2-1x-en                       0        0        0    26000000          0     0  50000
    sdio2-2x-en                       0        0        0    26000000          0     0  50000
    sdio1-1x-en                       0        0        0    26000000          0     0  50000
    sdio1-2x-en                       0        0        0    26000000          0     0  50000
    sdio0-1x-en                       0        0        0    26000000          0     0  50000
    sdio0-2x-en                       0        0        0    26000000          0     0  50000
    ap-axi-en                         0        0        0    26000000          0     0  50000
    top-cssys-en                      0        0        0    26000000          0     0  50000
    det-32k-eb                        0        0        0    26000000          0     0  50000
    debounce-eb                       0        0        0    26000000          0     0  50000
    rc100m-fdk-eb                     0        0        0    26000000          0     0  50000
    rc100m-ref-eb                     0        0        0    26000000          0     0  50000
    tmr-eb                            0        0        0    26000000          0     0  50000
    tsen-eb                           0        0        0    26000000          0     0  50000
    otg-ref-eb                        0        0        0    26000000          0     0  50000
    dmc-ref-eb                        0        0        0    26000000          0     0  50000
    dphy-ref-eb                       0        0        0    26000000          0     0  50000
    djtag-tck-en                      0        0        0    26000000          0     0  50000
    dsi-csi-test-eb                   0        0        0    26000000          0     0  50000
    ap-sdio2-rtc-eb                   0        0        0    26000000          0     0  50000
    ap-sdio1-rtc-eb                   0        0        0    26000000          0     0  50000
    ap-sdio0-rtc-eb                   0        0        0    26000000          0     0  50000
    ap-emmc-rtc-eb                    0        0        0    26000000          0     0  50000
    bb-cal-rtc-eb                     0        0        0    26000000          0     0  50000
    dcxo-lc-rtc-eb                    0        0        0    26000000          0     0  50000
    ap-tmr2-rtc-eb                    0        0        0    26000000          0     0  50000
    ap-tmr1-rtc-eb                    0        0        0    26000000          0     0  50000
    ap-tmr0-rtc-eb                    0        0        0    26000000          0     0  50000
    ac-wdg-rtc-eb                     1        1        0    26000000          0     0  50000
    ap-wdg-rtc-eb                     0        0        0    26000000          0     0  50000
    eic-rtcdv5-eb                     0        0        0    26000000          0     0  50000
    eic-rtc-eb                        0        0        0    26000000          0     0  50000
    aon-tmr-rtc-eb                    0        0        0    26000000          0     0  50000
    ap-syst-rtc-eb                    0        0        0    26000000          0     0  50000
    aon-syst-rtc-eb                   0        0        0    26000000          0     0  50000
    kpd-rtc-eb                        0        0        0    26000000          0     0  50000
    arch-rtc-eb                       0        0        0    26000000          0     0  50000
    serdes-eb                         0        0        0    26000000          0     0  50000
    apcpu-wdg-eb                      1        1        0    26000000          0     0  50000
    ap-wdg-eb                         0        0        0    26000000          0     0  50000
    pwm3-eb                           0        0        0    26000000          0     0  50000
    pwm2-eb                           1        1        0    26000000          0     0  50000
    pwm1-eb                           0        0        0    26000000          0     0  50000
    pwm0-eb                           1        1        0    26000000          0     0  50000
    ap-tmr2-eb                        0        0        0    26000000          0     0  50000
    ap-tmr1-eb                        0        0        0    26000000          0     0  50000
    ap-tmr0-eb                        0        0        0    26000000          0     0  50000
    audcp-intc-eb                     0        0        0    26000000          0     0  50000
    ap-intc5-eb                       0        0        0    26000000          0     0  50000
    ap-intc4-eb                       0        0        0    26000000          0     0  50000
    ap-intc3-eb                       0        0        0    26000000          0     0  50000
    ap-intc2-eb                       0        0        0    26000000          0     0  50000
    ap-intc1-eb                       0        0        0    26000000          0     0  50000
    ap-intc0-eb                       0        0        0    26000000          0     0  50000
    eic-eb                            0        0        0    26000000          0     0  50000
    adi-eb                            0        0        0    26000000          0     0  50000
    pmu-eb                            0        0        0    26000000          0     0  50000
    i2c-eb                            0        0        0    26000000          0     0  50000
    asim-top                          0        0        0    26000000          0     0  50000
    thm2-eb                           1        1        0    26000000          0     0  50000
    thm1-eb                           1        1        0    26000000          0     0  50000
    thm0-eb                           1        1        0    26000000          0     0  50000
    scc-eb                            0        0        0    26000000          0     0  50000
    aon-iis-eb                        0        0        0    26000000          0     0  50000
    apb-busmon-eb                     0        0        0    26000000          0     0  50000
    apcpu-ts0-eb                      0        0        0    26000000          0     0  50000
    ana-eb                            0        0        0    26000000          0     0  50000
    pin-eb                            0        0        0    26000000          0     0  50000
    splk-eb                           1        1        0    26000000          0     0  50000
    otg-phy-eb                        0        0        0    26000000          0     0  50000
    otg-utmi-eb                       1        1        0    26000000          0     0  50000
    aon-tmr-eb                        0        0        0    26000000          0     0  50000
    ap-syst-eb                        0        0        0    26000000          0     0  50000
    aon-syst-eb                       0        0        0    26000000          0     0  50000
    kpd-eb                            0        0        0    26000000          0     0  50000
    mbox-eb                           0        0        0    26000000          0     0  50000
    gpio-eb                           0        0        0    26000000          0     0  50000
    efuse-eb                          0        0        0    26000000          0     0  50000
    sdphy-ref-eb                      0        0        0    26000000          0     0  50000
    sdphy-cfg-eb                      0        0        0    26000000          0     0  50000
    cssys-pub-eb                      0        0        0    26000000          0     0  50000
    cssys-apb-eb                      0        0        0    26000000          0     0  50000
    aon-cssys-eb                      0        0        0    26000000          0     0  50000
    apcpu-dap-eb                      0        0        0    26000000          0     0  50000
    mspi-eb                           0        0        0    26000000          0     0  50000
    gpu-eb                            4        4        0    26000000          0     0  50000
       gpu-sys-clk                    0        0        0     6500000          0     0  50000
       gpu-sys-gate                   1        1        0    26000000          0     0  50000
       gpu-mem-gate                   1        1        0    26000000          0     0  50000
       gpu-core-gate                  1        1        0    26000000          0     0  50000
    mm-eb                             0        0        0    26000000          0     0  50000
       mm-cphy-en                     0        0        0    26000000          0     0  50000
       mm-isp-axi-en                  0        0        0    26000000          0     0  50000
       mm-dcam-axi-en                 0        0        0    26000000          0     0  50000
       mm-mipi-csi0-en                0        0        0    26000000          0     0  50000
       mm-mipi-csi1-en                0        0        0    26000000          0     0  50000
       mm-mipi-csi2-en                0        0        0    26000000          0     0  50000
       mm-sensor0-en                  0        0        0    26000000          0     0  50000
       mm-sensor1-en                  0        0        0    26000000          0     0  50000
       mm-sensor2-en                  0        0        0    26000000          0     0  50000
       mm-fd-eb                       0        0        0    26000000          0     0  50000
       mm-dvfs-eb                     0        0        0    26000000          0     0  50000
       mm-isp-ahb-eb                  0        0        0    26000000          0     0  50000
       mm-ckg-eb                      0        0        0    26000000          0     0  50000
       mm-csi0-eb                     0        0        0    26000000          0     0  50000
       mm-csi1-eb                     0        0        0    26000000          0     0  50000
       mm-csi2-eb                     0        0        0    26000000          0     0  50000
       mm-isp-eb                      0        0        0    26000000          0     0  50000
       mm-dcam-eb                     0        0        0    26000000          0     0  50000
       mm-jpg-eb                      0        0        0    26000000          0     0  50000
       mm-cpp-eb                      0        0        0    26000000          0     0  50000
       mipi-csi2                      0        0        0    26000000          0     0  50000
       mipi-csi1                      0        0        0    26000000          0     0  50000
       mipi-csi0                      0        0        0    26000000          0     0  50000
    probe-eb                          0        0        0    26000000          0     0  50000
    aux2-eb                           0        0        0    26000000          0     0  50000
    aux1-eb                           0        0        0    26000000          0     0  50000
    aux0-eb                           1        1        0    26000000          0     0  50000
    djtag-eb                          0        0        0    26000000          0     0  50000
    djtag-tck-eb                      0        0        0    26000000          0     0  50000
    rc100m-cal-eb                     0        0        0    26000000          0     0  50000
    isppll                            1        1        0   936000000          0     0  50000
       isppll-78m                     0        0        0    78000000          0     0  50000
       isppll-468m                    0        0        0   468000000          0     0  50000
       vdsp-clk                       0        0        0   936000000          0     0  50000
          vdsp-m-clk                  0        0        0   468000000          0     0  50000
    lpll                              1        1        0  1228800000          0     0  50000
       lpll-30m72                     0        0        0    30720000          0     0  50000
       lpll-245m76                    0        0        0   245760000          0     0  50000
       lpll-409m6                     0        0        0   409600000          0     0  50000
          sdio1-2x                    0        0        0   409600000          0     0  50000
       lpll-614m4                     1        1        0   614400000          0     0  50000
    twpll                             6        6        0  1536000000          0     0  50000
       twpll-12m29                    0        0        0    12288000          0     0  50000
       twpll-19m2                     0        0        0    19200000          0     0  50000
       twpll-38m4                     0        0        0    38400000          0     0  50000
       twpll-51m2                     0        0        0    51200000          0     0  50000
       twpll-76m8                     0        0        0    76800000          0     0  50000
          mm-mtx-clk                  0        0        0    76800000          0     0  50000
          fd-clk                      0        0        0    76800000          0     0  50000
          jpg-clk                     0        0        0    76800000          0     0  50000
          cpp-clk                     0        0        0    76800000          0     0  50000
       twpll-153m6                    1        1        0   153600000          0     0  50000
          ap-iis0-clk                 0        0        0   153600000          0     0  50000
          ap-iis1-clk                 0        0        0   153600000          0     0  50000
          ap-iis2-clk                 0        0        0   153600000          0     0  50000
          dispc0-dpi-clk              1        1        0    38400000          0     0  50000
          ap-mm-clk                   0        0        0   153600000          0     0  50000
       twpll-170m6                    0        0        0   170666666          0     0  50000
       twpll-219m4                    0        0        0   219428571          0     0  50000
       twpll-307m2                    0        0        0   307200000          0     0  50000
       twpll-64m                      0        0        0    64000000          0     0  50000
       twpll-128m                     0        0        0   128000000          0     0  50000
          ap-apb-clk                  0        0        0   128000000          0     0  50000
          ipi-clk                     0        0        0   128000000          0     0  50000
          aon-apb-clk                 0        0        0   128000000          0     0  50000
          apcpu-pmu-clk               0        0        0   128000000          0     0  50000
          top-dvfs-clk                0        0        0   128000000          0     0  50000
       twpll-256m                     0        0        0   256000000          0     0  50000
          vsp-clk                     0        0        0   256000000          0     0  50000
          isp-clk                     0        0        0   256000000          0     0  50000
          dcam-axi-clk                0        0        0   256000000          0     0  50000
          ap-ce-clk                   0        0        0   256000000          0     0  50000
          ap-axi-clk                  0        0        0   256000000          0     0  50000
       twpll-512m                     1        1        0   512000000          0     0  50000
       twpll-12m                      0        0        0    12000000          0     0  50000
          otg-ref-clk                 0        0        0    12000000          0     0  50000
       twpll-24m                      0        0        0    24000000          0     0  50000
       twpll-48m                      0        0        0    48000000          0     0  50000
          sensor2-clk                 0        0        0    48000000          0     0  50000
          sensor1-clk                 0        0        0    48000000          0     0  50000
          sensor0-clk                 0        0        0    48000000          0     0  50000
          analog-io-apb               0        0        0    48000000          0     0  50000
       twpll-96m                      0        0        0    96000000          0     0  50000
          ap-sim-clk                  0        0        0    96000000          0     0  50000
          dsi-apb-clk                 0        0        0    96000000          0     0  50000
       twpll-192m                     0        0        0   192000000          0     0  50000
          ap-spi0-clk                 0        0        0   192000000          0     0  50000
          dcam-if-clk                 0        0        0   192000000          0     0  50000
          usb-clk                     0        0        0   192000000          0     0  50000
       twpll-384m                     2        2        0   384000000          0     0  50000
          gpu-mem-clk                 0        0        0   384000000          0     0  50000
          gpu-core-clk                0        0        0   384000000          0     0  50000
          dispc0-clk                  1        1        0   384000000          0     0  50000
       twpll-768m                     1        1        0   768000000          0     0  50000
    audio-gate                        0        0        0    26000000          0     0  50000
    rpll                              0        0        0   390000000          0     0  50000
       sdio0-2x                       0        0        0   390000000          0     0  50000
       emmc-2x                        0        0        0   390000000          0     0  50000
    mpll2-gate                        0        0        0    26000000          0     0  50000
       mpll2                          0        0        0   962000000          0     0  50000
          mpll2-47m13                 0        0        0    30062500          0     0  50000
    mpll1-gate                        0        0        0    26000000          0     0  50000
       mpll1                          0        0        0  1482000000          0     0  50000
          mpll1-63m38                 0        0        0    46312500          0     0  50000
    mpll0-gate                        0        0        0    26000000          0     0  50000
       mpll0                          0        0        0   962000000          0     0  50000
          mpll0-56m88                 0        0        0    30062500          0     0  50000
    cppll-gate                        0        0        0    26000000          0     0  50000
       cppll                          0        0        0  1022362000          0     0  50000
          cppll-39m32                 0        0        0    39321615          0     0  50000
    rpll-gate                         0        0        0    26000000          0     0  50000
    gpll-gate                         1        1        0    26000000          0     0  50000
       gpll                           1        1        0   850000000          0     0  50000
          gpll-40m                    0        0        0    42500000          0     0  50000
    twpll-gate                        0        0        0    26000000          0     0  50000
    lpll-gate                         0        0        0    26000000          0     0  50000
    dpll1-gate                        0        0        0    26000000          0     0  50000
    dpll0-gate                        0        0        0    26000000          0     0  50000
       dpll0                          0        0        0  1333000000          0     0  50000
          dpll0-58m31                 0        0        0    41656250          0     0  50000
    isppll-gate                       0        0        0    26000000          0     0  50000
    clk-250k                          0        0        0      250000          0     0  50000
    clk-1m                            0        0        0     1000000          0     0  50000
    clk-2m                            0        0        0     2000000          0     0  50000
    clk-4m3                           0        0        0     4333333          0     0  50000
    clk-6m5                           0        0        0     6500000          0     0  50000
       dmc-ref-clk                    0        0        0     6500000          0     0  50000
    clk-13m                           0        0        0    13000000          0     0  50000
    clk-26m-aud                       0        0        0    26000000          0     0  50000
    26m-pmu-clk                       0        0        0    26000000          0     0  50000
    emc-clk                           0        0        0    26000000          0     0  50000
    sdio2-2x-clk                      0        0        0    26000000          0     0  50000
    cssys-clk                         0        0        0    26000000          0     0  50000
       cssys-apb-clk                  0        0        0     6500000          0     0  50000
       cssys-pub-clk                  0        0        0    13000000          0     0  50000
    otg-utmi                          0        0        0    26000000          0     0  50000
    aon-tmr-clk                       0        0        0    26000000          0     0  50000
    djtag-tck-hw                      0        0        0    26000000          0     0  50000
    djtag-tck-clk                     0        0        0    26000000          0     0  50000
    dsi-test-s                        0        0        0    26000000          0     0  50000
    debug-ts-clk                      0        0        0    26000000          0     0  50000
    apcpu-ts-clk                      0        0        0    26000000          0     0  50000
    apcpu-dap-mtck                    0        0        0    26000000          0     0  50000
    apcpu-dap-clk                     0        0        0    26000000          0     0  50000
    scc-clk                           0        0        0    26000000          0     0  50000
    aon-iis-clk                       0        0        0    26000000          0     0  50000
    aon-i2c-clk                       0        0        0    26000000          0     0  50000
    uart1-clk                         0        0        0    26000000          0     0  50000
    uart0-clk                         0        0        0    26000000          0     0  50000
    efuse-clk                         0        0        0    26000000          0     0  50000
    pwm2-clk                          1        1        0    26000000          0     0  50000
    pwm0-clk                          1        1        0    26000000          0     0  50000
    aux2-clk                          0        0        0    26000000          0     0  50000
    dsi-lanebyte                      0        0        0    26000000          0     0  50000
    dsi-rxesc                         0        0        0    26000000          0     0  50000
    ap-spi3-clk                       0        0        0    26000000          0     0  50000
    ap-spi2-clk                       0        0        0    26000000          0     0  50000
    ap-spi1-clk                       0        0        0    26000000          0     0  50000
    ap-i2c4-clk                       0        0        0    26000000          0     0  50000
    ap-i2c3-clk                       0        0        0    26000000          0     0  50000
    ap-i2c2-clk                       0        0        0    26000000          0     0  50000
    ap-i2c1-clk                       0        0        0    26000000          0     0  50000
    ap-i2c0-clk                       0        0        0    26000000          0     0  50000
    ap-uart2-clk                      0        0        0    26000000          0     0  50000
    ap-uart1-clk                      0        0        0    26000000          0     0  50000
    ap-uart0-clk                      0        0        0    26000000          0     0  50000
    bm-clk-eb                         0        0        0    26000000          0     0  50000
    ahb-ckg-eb                        0        0        0    26000000          0     0  50000
    ipi-eb                            0        0        0    26000000          0     0  50000
    dma-sec-eb                        0        0        0    26000000          0     0  50000
    dma-pub-eb                        0        0        0    26000000          0     0  50000
    vdma-eb                           0        0        0    26000000          0     0  50000
    vsp-eb                            0        0        0    26000000          0     0  50000
    dispc-eb                          1        1        0    26000000          0     0  50000
    dsi-eb                            1        1        0    26000000          0     0  50000
 rco-2m                               0        0        0           0          0     0  50000
 rco-4m                               0        0        0           0          0     0  50000
 rco-25m                              0        0        0           0          0     0  50000
    adi-clk                           0        0        0           0          0     0  50000
    debounce-clk                      0        0        0           0          0     0  50000
 thm3-clk                             0        0        0           0          0     0  50000
 thm2-clk                             0        0        0           0          0     0  50000
 thm1-clk                             0        0        0           0          0     0  50000
 thm0-clk                             0        0        0           0          0     0  50000
